"","ID","ADOS","nonVerbalIQ","VerbalIQ","VISIT","Ethnicity","Diagnosis","Gender","Age","MOT_MLU","MOT_LUstd","CHI_MLU","CHI_LUstd","types_MOT","types_CHI","tokens_MOT","tokens_CHI"
"1",2,0,28,14,1,"White","TD","M",19.8,3.621993127,2.164552956,1.252252252,0.473980052,378,14,1835,139
"2",2,0,28,14,2,"White","TD","M",23.93,3.857366771,2.417938569,1.013605442,0.115846166,403,18,2160,148
"3",2,0,28,14,3,"White","TD","M",27.7,4.321880651,2.517463506,1.556886228,0.747088484,455,97,2149,255
"4",2,0,28,14,4,"White","TD","M",32.9,4.415329768,2.449572761,2.251572327,1.578027403,533,133,2260,321
"5",2,0,28,14,5,"White","TD","M",35.9,5.209615385,2.814164695,3.238095238,2.355940049,601,182,2553,472
"6",2,0,28,14,6,"White","TD","M",40.13,4.664012739,2.765260693,2.865168539,2.247883788,595,210,2586,686
"7",3,1,29,18,1,"White","TD","F",23.5,3.757269279,2.350833217,1.877697842,0.963061901,334,51,2674,260
"8",3,1,29,18,2,"White","TD","F",27.83,4.57208589,2.600616952,2.641860465,1.644473841,464,149,2694,530
"9",3,1,29,18,3,"White","TD","F",31.83,5.134892086,2.768944912,2.691629956,1.9626626,482,164,2630,542
"10",3,1,29,18,4,"White","TD","F",35.53,5.301052632,2.912025692,3.92920354,2.673093777,449,206,2397,754
"11",3,1,29,18,5,"White","TD","F",39.47,4.566037736,2.792686545,3.298578199,2.122090507,534,207,2672,588
"12",3,1,29,18,6,"White","TD","F",45.07,5.229885057,3.014147292,3.710344828,2.162110212,486,173,2564,460
"13",4,5,32,35,1,"White","TD","M",20.1,3.265082267,2.151723543,1.56,1.227354879,288,59,1564,143
"14",4,5,32,35,2,"White","TD","M",24.07,3.967213115,2.375194302,1.601910828,1.459908877,305,122,2099,554
"15",4,5,32,35,4,"White","TD","M",32.07,4.658333333,2.519079969,3.026595745,2.045840385,375,134,2069,493
"16",4,5,32,35,5,"White","TD","M",36.07,4.564102564,2.514520618,1.940860215,1.603674313,387,40,2345,323
"17",4,5,32,35,6,"White","TD","M",40.17,4.366972477,2.542581283,2.225806452,2.006060882,322,64,1352,197
"18",5,0,24,18,1,"White","TD","F",18.3,3.544419134,2.272387397,1.037878788,0.190903078,363,36,1408,137
"19",5,0,24,18,2,"White","TD","F",23.73,4.079059829,2.465174005,1.61627907,0.966516216,369,45,1702,132
"20",5,0,24,18,3,"White","TD","F",26.63,4.592592593,2.546414139,1.83203125,1.134985792,369,129,1991,453
"21",5,0,24,18,4,"White","TD","F",31.07,4.262195122,2.494374496,2.775641026,2.030453145,400,121,1934,390
"22",5,0,24,18,5,"White","TD","F",35,4.384946237,2.698504016,2.835820896,1.91301134,428,121,1879,346
"23",6,0,21,15,1,"White","TD","M",19.23,3.380462725,2.2145183,1.21686747,0.412111599,215,24,1136,101
"24",6,0,21,15,2,"White","TD","M",NA,2.821917808,2.064656698,1.063063063,0.243076352,185,50,703,117
"25",6,0,21,15,3,"White","TD","M",27.27,3.940711462,2.524277905,1.5234375,0.838197879,227,56,878,193
"26",6,0,21,15,4,"White","TD","M",31.2,4.732732733,2.515545191,2.134831461,1.533821044,272,88,1387,354
"27",6,0,21,15,5,"White","TD","M",35.63,4.543209877,2.52052994,2.548245614,1.826305467,276,148,1300,513
"28",6,0,21,15,6,"White","TD","M",40.27,4.287581699,2.747959915,2.757142857,2.195356881,260,168,1138,666
"29",14,0,30,16,1,"White","TD","M",20.07,4.195335277,2.280550632,1.087719298,0.282886237,235,17,1262,62
"30",14,0,30,16,2,"White","TD","M",23.83,3.444664032,2.205343221,1.364779874,0.56547841,297,72,1551,203
"31",14,0,30,16,3,"White","TD","M",28.27,4.974683544,2.728075705,3.185770751,2.16353975,318,169,1463,733
"32",14,0,30,16,4,"White","TD","M",32.07,3.988304094,2.626870381,3,2.175935173,197,122,632,243
"33",14,0,30,16,5,"White","TD","M",35.87,4.910493827,2.669214247,4.364754098,2.577119441,290,222,1467,916
"34",14,0,30,16,6,"White","TD","M",41.5,4.468493151,2.574313406,3.504950495,2.50395237,339,201,1498,640
"35",15,0,25,17,1,"White","TD","M",19,3.960254372,2.133093904,1.574074074,0.646028279,329,69,2139,249
"36",15,0,25,17,2,"White","TD","M",22.97,3.817109145,2.247686957,1.476190476,0.815106799,411,119,2260,393
"37",15,0,25,17,3,"White","TD","M",27.07,3.871967655,2.383353356,2.079881657,1.348726328,435,139,2571,630
"38",15,0,25,17,4,"White","TD","M",31.03,4.083700441,2.429695471,2.798283262,2.025078087,463,203,2361,538
"39",15,0,25,17,5,"White","TD","M",35.37,4.487841945,2.740111466,3.230113636,2.483102437,511,247,2668,932
"40",15,0,25,17,6,"White","TD","M",39.4,4.84741784,2.694579048,3.701195219,2.707956141,388,210,1959,864
"41",16,0,23,17,1,"White","TD","M",18.97,3.420315236,2.273399186,1.03960396,0.195026887,287,7,1625,105
"42",16,0,23,17,2,"White","TD","M",22.87,3.239831697,2.300066704,1.074468085,0.311915668,346,65,1982,297
"43",16,0,23,17,3,"White","TD","M",26.8,3.848175182,2.436405818,1.185507246,0.499644906,378,92,2328,368
"44",16,0,23,17,4,"White","TD","M",31.47,3.801292407,2.375344194,2.317829457,1.462632734,369,158,1984,557
"45",16,0,23,17,5,"White","TD","M",35.1,4.446280992,2.396451968,3.375,2.348335161,390,238,1864,755
"46",16,0,23,17,6,"White","TD","M",39.43,4.664285714,2.73237394,3.811403509,2.794802782,359,178,1802,793
"47",17,0,24,15,1,"White","TD","M",19.27,3.967078189,2.302920516,1.164705882,0.481347589,277,27,1643,99
"48",17,0,24,15,2,"White","TD","M",24.8,4.2248394,2.675686333,1.046052632,0.238934471,363,25,1819,159
"49",17,0,24,15,3,"White","TD","M",28.1,4.182978723,2.569983786,1.440860215,0.73268347,409,92,1743,252
"50",17,0,24,15,4,"White","TD","M",31.27,4.584070796,2.612853401,2.561320755,1.878632118,357,161,1517,495
"51",17,0,24,15,5,"White","TD","M",35.9,4.165413534,2.486597008,2.469135802,1.956858277,356,69,1426,160
"52",17,0,24,15,6,"White","TD","M",40.3,4.347708895,2.570905822,2.869047619,2.086120584,327,156,1395,410
"53",18,0,29,28,1,"White","TD","M",21.67,4.910189983,2.496743952,1.598837209,0.720625404,375,90,2585,254
"54",18,0,29,28,2,"White","TD","M",26.27,4.750455373,2.491812599,2.744107744,1.909177012,391,196,2303,733
"55",18,0,29,28,3,"White","TD","M",30.63,4.164788732,2.751112379,2.807692308,2.169244408,408,200,2675,825
"56",18,0,29,28,4,"White","TD","M",34.27,4.251604621,2.778674866,2.322580645,1.807116149,508,231,3077,793
"57",18,0,29,28,5,"White","TD","M",38.17,5.433579336,2.515306961,3.10952381,2.134167566,517,219,2762,583
"58",18,0,29,28,6,"White","TD","M",42.93,4.44587156,2.582457833,2.948207171,2.324584265,491,250,2264,710
"59",20,0,29,37,1,"White","TD","M",20.77,3.587855297,2.282255401,1.794871795,1.066494069,467,108,2555,406
"60",20,0,29,37,2,"White","TD","M",26.13,4.357910906,2.588408154,2.722033898,2.019571006,461,160,2687,738
"61",20,0,29,37,3,"White","TD","M",30.03,4.116057234,2.456142432,3.34,2.284235831,487,201,2479,940
"62",20,0,29,37,4,"White","TD","M",34.43,4.131578947,2.684468512,3.212820513,2.422827283,565,207,2965,1092
"63",20,0,29,37,5,"White","TD","M",38.7,3.877102199,2.561362001,3.090277778,2.369989435,575,219,2881,769
"64",20,0,29,37,6,"White","TD","M",44.07,4.013353116,2.74993386,2.909535452,2.244064604,516,235,2576,1079
"65",25,0,21,20,1,"White","TD","F",18.93,3.63047619,2.452719533,1.237113402,0.492692913,343,36,1698,118
"66",25,0,21,20,2,"White","TD","F",22.9,3.978599222,2.615712992,1.780487805,1.004353008,392,121,1843,414
"67",25,0,21,20,3,"White","TD","F",26.67,3.094879518,2.307995072,1.454954955,0.687892556,432,112,1811,305
"68",25,0,21,20,4,"White","TD","F",30.93,3.991666667,2.638483887,2.374074074,1.562546021,480,169,2256,592
"69",25,0,21,20,5,"White","TD","F",35.13,4.746606335,2.66857865,3.7,2.282542442,436,178,1965,686
"70",25,0,21,20,6,"White","TD","F",39.23,4.211320755,2.707896237,3.091194969,2.28087161,478,221,2044,847
"71",26,0,29,23,1,"White","TD","M",21.77,4.6432,2.619139889,1.582733813,0.838800793,373,71,2740,433
"72",26,0,29,23,2,"White","TD","M",25.47,4.6,2.552728494,2.484732824,1.413456231,419,145,2562,623
"73",26,0,29,23,3,"White","TD","M",30.13,4.127941176,2.433186339,2.804216867,2.144110803,455,217,2589,826
"74",26,0,29,23,4,"White","TD","M",34,5.3625,2.914683424,3.731092437,2.895076896,553,291,2978,1225
"75",26,0,29,23,5,"White","TD","M",37.93,4.267409471,2.686149708,2.74137931,2.069360594,578,298,2940,1145
"76",26,0,29,23,6,"White","TD","M",42.47,4.472992701,2.718079605,3.061452514,2.368701908,555,237,2895,1010
"77",27,0,26,18,1,"White","TD","M",21.03,3.61686747,2.261293972,1.366197183,0.676349702,317,37,1361,95
"78",27,0,26,18,2,"White","TD","M",25.23,3.869653768,2.275190662,1.422857143,0.780873399,287,72,1663,236
"79",27,0,26,18,3,"White","TD","M",29.07,3.846625767,2.504595748,1.497607656,0.913086159,318,89,1706,299
"80",27,0,26,18,4,"White","TD","M",33.3,3.973469388,2.627427974,1.740585774,1.240725119,364,114,1754,384
"81",27,0,26,18,5,"White","TD","M",37.73,3.479392625,2.297340833,2.179190751,1.626096938,327,114,1385,318
"82",27,0,26,18,6,"White","TD","M",41.17,4.254504505,2.57685514,2.48,1.881087156,385,154,1788,530
"83",29,0,27,23,1,"White","TD","M",23.13,3.494327391,2.302218698,1.533333333,1.066666667,322,91,1870,319
"84",29,0,27,23,2,"White","TD","M",27.7,4.222033898,2.450843355,2.248148148,1.615175801,405,141,2219,542
"85",29,0,27,23,3,"White","TD","M",32.07,3.552459016,2.378462553,2.987525988,2.16757678,396,233,1872,1246
"86",29,0,27,23,4,"White","TD","M",35.03,3.667638484,2.511263714,2.727272727,2.173550352,480,186,2233,750
"87",29,0,27,23,5,"White","TD","M",39.53,3.906856404,2.65850527,2.142061281,1.880670534,491,211,2729,690
"88",29,0,27,23,6,"White","TD","M",43.8,3.603473227,2.723471348,2.071748879,1.785406735,475,185,2363,418
"89",36,1,23,22,1,"White","TD","M",19.3,3.561363636,2.229116815,1.264150943,0.554601451,291,24,1344,260
"90",36,1,23,22,2,"White","TD","M",23.43,3.636518771,2.275248364,1.934291581,0.980191209,300,128,1784,879
"91",36,1,23,22,3,"White","TD","M",27.13,3.67513369,2.252763451,2.571014493,1.808602748,366,155,2328,702
"92",36,1,23,22,4,"White","TD","M",30.8,4.001612903,2.31649011,1.974358974,1.329877177,361,29,2145,74
"93",36,1,23,22,5,"White","TD","M",34.93,4.069659443,2.445019366,2.554179567,1.747002614,436,161,2279,736
"94",36,1,23,22,6,"White","TD","M",39.07,4.239197531,2.596865508,2.381578947,2.139645232,411,156,2438,611
"95",39,3,19,13,1,"White","TD","M",19.2,3.921108742,2.376179327,1.230769231,0.575639598,281,8,1631,16
"96",39,3,19,13,2,"White","TD","M",22.87,3.942164179,2.514586955,1.310344828,0.762788967,321,44,1843,107
"97",39,3,19,13,3,"White","TD","M",26.87,4.595567867,2.495954016,1.75,1.082956194,323,76,1504,218
"98",39,3,19,13,4,"White","TD","M",30.4,3.705440901,2.51850719,2.259414226,1.579042025,295,136,1715,477
"99",39,3,19,13,5,"White","TD","M",34.4,4.13740458,2.620422898,2.278761062,1.671518377,366,145,1979,459
"100",39,3,19,13,6,"White","TD","M",38.53,4.388235294,2.571003242,2.56147541,1.901334593,324,165,1978,568
"101",40,1,29,31,1,"White","TD","F",19.87,3.420974889,2.244646399,1.332278481,0.763301373,342,96,2035,398
"102",40,1,29,31,2,"White","TD","F",24.17,4.073282443,2.467647903,2.172727273,1.80332567,435,142,2290,439
"103",40,1,29,31,3,"White","TD","F",28.07,4.577490775,2.647231161,2.869047619,2.421529239,420,175,2146,825
"104",40,1,29,31,4,"White","TD","F",32.17,4.169161677,2.487659582,2.647540984,2.08594882,513,195,2482,576
"105",40,1,29,31,5,"White","TD","F",36.13,4.917926566,2.721358291,3.518518519,2.542532572,447,210,1999,800
"106",43,0,25,17,1,"White","TD","M",19.23,3.09314587,2.362590424,1.026200873,0.279134617,333,32,1547,235
"107",43,0,25,17,2,"White","TD","M",23.07,3.751332149,2.227387458,1.197424893,0.651569432,404,97,1847,264
"108",43,0,25,17,3,"White","TD","M",28.47,4.050505051,2.410514583,1.908629442,1.298877551,304,127,1426,352
"109",43,0,25,17,4,"White","TD","M",32.07,4.118790497,2.493389326,2.23255814,1.642986635,366,151,1689,434
"110",43,0,25,17,5,"White","TD","M",35.67,3.969147005,2.446700619,2.289230769,1.803255439,415,187,1936,651
"111",43,0,25,17,6,"White","TD","M",39.93,4.06147541,2.517217652,2.852631579,1.957272114,397,213,1741,702
"112",44,0,24,20,1,"White","TD","M",19.37,4.033333333,2.460372806,1.303448276,0.781899878,373,47,2334,176
"113",44,0,24,20,2,"White","TD","M",NA,4.100166945,2.497407665,2.004672897,1.379074807,368,124,2201,423
"114",44,0,24,20,3,"White","TD","M",28.9,4.05704698,2.430945767,2.491103203,2.136138597,367,155,2124,604
"115",44,0,24,20,4,"White","TD","M",32.07,4.611246944,2.590743474,3.830039526,2.388784482,339,193,1726,820
"116",44,0,24,20,5,"White","TD","M",36.4,3.921443737,2.453860176,3.774907749,2.596669292,358,213,1600,875
"117",44,0,24,20,6,"White","TD","M",40.13,3.391525424,2.517921401,3.072796935,2.51860271,357,219,1764,719
"118",45,3,30,21,1,"White","TD","M",19.77,3.088757396,2.09865455,1.259259259,0.438228132,275,9,1417,68
"119",45,3,30,21,2,"White","TD","M",23.63,3.445544554,2.325388278,1.304347826,1.080852426,271,52,1515,120
"120",45,3,30,21,3,"White","TD","M",27.67,4.106212425,2.644376474,2.231343284,1.742421454,300,102,1740,528
"121",45,3,30,21,4,"White","TD","M",32.07,4.256790123,2.528501155,2.537037037,2.484865023,302,122,1556,378
"122",45,3,30,21,5,"White","TD","M",35.83,4.113846154,2.521774523,3.2,2.780354361,307,131,1207,433
"123",46,5,24,21,1,"White","TD","M",20.03,2.776180698,1.904605731,0.558441558,0.781166402,258,20,1188,91
"124",46,5,24,21,2,"White","TD","M",24.68,3.171717172,2.147304648,0.905172414,0.991154397,288,41,1375,165
"125",46,5,24,21,3,"White","TD","M",28.63,3.395899054,2.103635631,1.172268908,1.148504645,370,95,1912,354
"126",46,5,24,21,4,"White","TD","M",32.77,4.019927536,2.302637428,1.76,1.415846822,424,108,1909,433
"127",46,5,24,21,5,"White","TD","M",36.7,4.329809725,2.311177767,2.255813953,1.965907368,418,142,1791,502
"128",53,0,27,21,1,"White","TD","F",20.03,3.943005181,2.384506398,1.076142132,0.30107985,260,13,1347,212
"129",53,0,27,21,2,"White","TD","F",24.4,4.18344519,2.589324795,2.248148148,1.71526272,295,128,1653,571
"130",53,0,27,21,3,"White","TD","F",29.53,3.960264901,2.31955159,2.289361702,1.608915856,364,149,1568,486
"131",53,0,27,21,4,"White","TD","F",32.13,4.190697674,2.622072139,3.162241888,2.282469227,343,211,1559,973
"132",53,0,27,21,5,"White","TD","F",39.1,3.673417722,2.39877125,2.73880597,2.181773565,315,131,1224,304
"133",53,0,27,21,6,"White","TD","F",40.37,4.676100629,2.442829556,2.76,2.025438224,322,34,1371,61
"134",54,0,27,29,1,"White","TD","M",23.07,4.030075188,2.695786696,1.425837321,1.023878727,255,73,1452,286
"135",54,0,27,29,2,"White","TD","M",27.47,4.745238095,2.569852912,2.496774194,1.757469565,408,126,1867,356
"136",54,0,27,29,3,"White","TD","M",31.63,4.737127371,2.743556805,3.112449799,1.990793474,323,151,1609,671
"137",54,0,27,29,4,"White","TD","M",35.63,4.880239521,2.722279767,3.480952381,2.573143167,340,229,1452,684
"138",54,0,27,29,5,"White","TD","M",39.47,5.743772242,2.723008333,3.537142857,2.669947641,425,209,1525,586
"139",54,0,27,29,6,"White","TD","M",43.4,5.247093023,2.7332987,3.595,2.406444473,383,217,1701,646
"140",57,1,22,14,1,"Asian","TD","F",20.87,3.435742972,2.257714919,1.181818182,0.457565723,331,7,1503,38
"141",57,1,22,14,2,"Asian","TD","F",25.4,4.073349633,2.339100778,1.197674419,0.566912639,309,20,1483,97
"142",57,1,22,14,3,"Asian","TD","F",29.67,4.022624434,2.29684702,1.552941176,0.939410107,333,56,1562,122
"143",57,1,22,14,4,"Asian","TD","F",34.43,4.137014315,2.600857197,3.028985507,2.349659331,363,112,1829,348
"144",57,1,22,14,5,"Asian","TD","F",37.67,5.185941043,2.686471033,2.921568627,2.131400509,388,108,1986,238
"145",57,1,22,14,6,"Asian","TD","F",42.1,5.153638814,2.756146079,2.761290323,2.146516671,383,140,1866,395
"146",58,0,29,23,1,"White","TD","M",22.57,5.34422658,2.917012006,1.408695652,0.843343781,441,92,2267,319
"147",58,0,29,23,2,"White","TD","M",26.63,4.567328918,2.776118778,1.735955056,1.123272425,415,122,1845,298
"148",58,0,29,23,3,"White","TD","M",30.77,5.288990826,2.867721003,3.303754266,2.271627846,474,200,2142,897
"149",58,0,29,23,4,"White","TD","M",35.03,5.338461538,2.885117905,3.07755102,2.265559831,554,177,2585,642
"150",58,0,29,23,5,"White","TD","M",38.6,4.983388704,2.948008474,2.832167832,2.293151903,563,219,2772,723
"151",58,0,29,23,6,"White","TD","M",43.03,5.587332054,2.899558637,2.429292929,1.998117929,548,163,2887,436
"152",59,0,30,33,1,"White","TD","M",23.9,4.159159159,2.509181078,1.939716312,1.260382664,236,120,1170,473
"153",59,0,30,33,2,"White","TD","M",28.6,4.557471264,2.480875457,3.217948718,2.000944879,197,126,686,449
"154",59,0,30,33,3,"White","TD","M",32.5,4.078291815,2.509964186,3.131355932,2.255809793,219,152,1020,660
"155",59,0,30,33,4,"White","TD","M",36.4,4.458937198,2.765733181,3.634069401,2.377305987,232,217,798,978
"156",59,0,30,33,5,"White","TD","M",40.07,4.857142857,2.619024835,3.822580645,2.490460468,278,217,1067,814
"157",59,0,30,33,6,"White","TD","M",44.43,3.706790123,2.400581888,3.243902439,2.224554266,249,102,1024,358
"158",60,1,24,23,1,"White","TD","M",19.1,3.48787062,2.432204982,1.313953488,0.766472256,214,32,1118,109
"159",60,1,24,23,2,"White","TD","M",23.17,3.60988075,2.449372444,2.046666667,1.480255233,352,88,1905,287
"160",60,1,24,23,3,"White","TD","M",27.07,4.298666667,2.406961755,2.330935252,1.615520449,299,85,1418,261
"161",60,1,24,23,4,"White","TD","M",30.83,3.819960861,2.452458489,3.406504065,1.899239892,332,153,1699,694
"162",60,1,24,23,5,"White","TD","M",35.17,3.75,2.519183158,3.607287449,2.34383236,394,244,1977,725
"163",60,1,24,23,6,"White","TD","M",39.3,4.18616145,2.590682759,2.892156863,2.2158381,437,183,2347,517
"164",61,0,26,17,1,"White","TD","M",19.97,3.509138381,2.189291536,1.184615385,0.387985237,178,11,1144,154
"165",61,0,26,17,2,"White","TD","M",23.93,3.789634146,2.262151978,1.79020979,1.06339703,219,70,1058,244
"166",61,0,26,17,3,"White","TD","M",28.03,4.231362468,2.443804073,2.493243243,1.576845215,292,168,1470,672
"167",61,0,26,17,4,"White","TD","M",32.03,4.177339901,2.596526444,2.862068966,1.964133987,318,205,1524,1051
"168",61,0,26,17,6,"White","TD","M",41.93,3.957230143,2.53774032,2.909274194,2.178948649,367,260,1731,1294
"169",65,4,29,23,1,"White","TD","M",20.8,3.432387312,2.124274082,1.183006536,1.031769269,345,62,1805,244
"170",65,4,29,23,2,"White","TD","M",25.87,4.001724138,2.431474037,1.77092511,1.496086092,334,120,1959,401
"171",65,4,29,23,3,"White","TD","M",29.67,4.21040724,1.994013737,2.115789474,1.924157549,257,101,1610,424
"172",65,4,29,23,4,"White","TD","M",33.6,4.69762419,2.404849037,2.714828897,2.119627781,330,157,1974,637
"173",65,4,29,23,5,"White","TD","M",37.34,4.424836601,2.286722528,2.603846154,1.945602689,341,132,1916,636
"174",65,4,29,23,6,"White","TD","M",41,4.113157895,2.37206007,2.848,2.169077223,303,158,1460,659
